-0.894736842105263 0.309802259625527 0.281541351688693 0.449080097347558 0.449164062456213 5 4.97809874147019
-0.789473684210526 0.124837110617201 0.0839396840378168 0.536188930329255 0.547652191451859 5 4.98545534826092
-0.684210526315789 -0.179854467282462 -0.191187921832956 0.626163321890443 0.639765278692044 5 4.99194675429204
-0.578947368421053 -0.521775260580296 -0.500979287367321 0.715209297461013 0.724683243500462 5 4.99757914806279
-0.473684210526316 -0.778546959604401 -0.752712487167124 0.799014064053001 0.801498531449261 5 5.00235895054119
-0.368421052631579 -0.834212341288874 -0.829258552600515 0.873074776630392 0.868931516821979 5 5.00629281007235
-0.263157894736842 -0.632604991636986 -0.648963786249971 0.933091439014576 0.925076772280835 5 5.00938759721877
-0.157894736842105 -0.211597087256371 -0.228009175181311 0.975377456604782 0.967311873254461 5 5.01165039953667
-0.0526315789473685 0.301971142652196 0.303316082482424 0.997233750037515 0.992495933506902 5 5.01308851629231
0.0526315789473684 0.738545534638979 0.753877154619273 0.997233750037515 0.997515823322713 5 5.01370945312243
0.157894736842105 0.953842159707218 0.965262169127471 0.975377456604782 0.980109983726074 5 5.01352091664275
0.263157894736842 0.886951458303233 0.884150394235932 0.933091439014576 0.93975517183908 5 5.01253080900848
0.368421052631579 0.581374974294357 0.571517757572028 0.873074776630392 0.878307925876659 5 5.01074722243099
0.473684210526316 0.160599186123614 0.156832327028366 0.799014064053002 0.80011144366054 5 5.00817843365441
0.578947368421053 -0.227654398899546 -0.222729324088879 0.715209297461013 0.711427719305435 5 5.00483289839633
0.684210526315789 -0.4705301385085 -0.466089700653956 0.626163321890443 0.619288224375828 5 5.00071924575632
0.789473684210526 -0.526107340970266 -0.529131869947671 0.536188930329255 0.530078759122708 5 4.99584627259638
0.894736842105263 -0.42454349264334 -0.429377080267644 0.449080097347558 0.448286016174252 5 4.99022293789705
1 -0.240462049968584 -0.236358344357302 0.367879441171442 0.37578363818403 5 4.98385835709313


-0.894736842105263 0.0360685560453328 0.036520855978934 -1.07115908646408 -1.48264499387296 -12.8036332179931 -7.23679943541727
-0.789473684210526 0.0601597217779121 0.0564920078970989 -2.41015863685558 -2.2739861468575 -14.6405555555556 -7.32400393077317
-0.684210526315789 0.0580595753923783 0.0514214692905929 -3.24500345610655 -2.88739199088021 7.47633136094675 -3.54019422303712
-0.578947368421053 0.0209435480477288 0.014962241978727 -3.04994761876085 -2.84789916851333 8.9504132231405 5.01531794720865
-0.473684210526316 -0.0487989003258306 -0.0520449024647882 -1.63601542843713 -1.73931071952644 13.3703703703704 16.0712906856257
-0.368421052631579 -0.1358118788443 -0.137315963031415 0.673235386610031 0.425383801005755 25.7857142857143 23.9663693737362
-0.263157894736842 -0.215266737089724 -0.217492256990092 3.09659274816513 2.97783933427932 14.44 22.6576931709927
-0.157894736842105 -0.261198123604231 -0.265351223378773 4.69392518637081 4.80482215641878 20.0555555555555 10.4653487582861
-0.0526315789473685 -0.256527866044292 -0.261543918529967 4.78386104479432 4.97127885937523 451.249999999999 -7.56027363321541
0.0526315789473684 -0.20036062921302 -0.204370780592516 3.27272711694241 3.32601593394673 0 -22.4492227053372
0.157894736842105 -0.108892212741848 -0.11135808995735 0.717932432889938 0.604696136034643 -60.1666666666666 -27.3184702592089
0.263157894736842 -0.00957066959957156 -0.0115628517331202 -1.91575356274843 -2.04092713320287 -21.66 -21.4226985217973
0.368421052631579 0.0645118826236305 0.0665733901797826 -3.68515409954957 -3.68368153549402 -11.0510204081633 -9.24588299772699
0.473684210526316 0.10874415244366 0.105169926270605 -4.0656852527625 -3.9711498140336 10.0277777777778 3.46655517909075
0.578947368421053 0.104360797412996 0.100868833530229 -3.12645114450292 -3.07741825404991 13.4256198347107 12.7352516185043
0.684210526315789 0.0660036875986146 0.0631272082522911 -1.42180002050904 -1.47586838366992 18.1568047337278 16.7505427498565
0.789473684210526 0.0119557398386429 0.00914558105455243 0.313258886833986 0.248917738602854 15.2422222222222 15.1018993027256
0.894736842105263 -0.0391897415574482 -0.0424934397062161 1.49175711217172 1.5320663043744 7.49480968858132 8.62439884557808
1 -0.0745368841936541 -0.0779451662526489 1.87298449315131 1.97801616806486 0.25 -0.279136996632738
