0 0 0 9.99999971718069E-10 0 9.99999971718069E-10
0.02 0.022564575 0.022564574684605 0.0225646773188034 3.15395033007038E-10 1.02318803405638E-07
0.04 0.045111106 0.0451111059138231 0.0451112442107409 8.61768850723976E-11 1.38210740865952E-07
0.06 0.067621594 0.0676215926416353 0.0676217244816384 1.35836471237827E-09 1.30481638396795E-07
0.08 0.090078126 0.0900781184875888 0.0900782220585434 7.51241117924462E-09 9.60585434389705E-08
0.1 0.112462916 0.112462893687391 0.112462965622195 2.23126093018555E-08 4.96221954915388E-08
0.2 0.222702589 0.222701903548297 0.222702457858316 6.85451702647777E-07 1.31141684123204E-07
0.3 0.328626759 0.328621906874903 0.328626682729012 4.85212509665489E-06 7.62709882473622E-08
0.4 0.428392355 0.4283738939975 0.428392423467284 1.84610024996923E-05 6.84672844530887E-08
0.5 0.520499878 0.520450833623745 0.520500016304747 4.90443762545256E-05 1.38304747210327E-07
0.6 0.603856091 0.603850136707248 0.603856184849437 5.95429275229709E-06 9.38494372215715E-08
0.7 0.677801194 0.677791154283859 0.677801181856103 1.0039716140775E-05 1.21438969991061E-08
0.8 0.742100965 0.74208663985377 0.742100859742192 1.43251462297878E-05 1.05257808136194E-07
0.9 0.796908212 0.79689092483162 0.796908074913668 1.7287168379454E-05 1.37086331952752E-07
1 0.842700793 0.842729958487199 0.84270068974759 2.9165487198779E-05 1.03252410066368E-07
1.1 0.88020507 0.881077828610321 0.880205043203596 0.000872758610320878 2.67964042066637E-08
1.2 0.910313978 0.910917133763266 0.910314035506212 0.000603155763265972 5.75062124585912E-08
1.3 0.934007945 0.934793349053338 0.934008062438552 0.000785404053338268 1.17438551994198E-07
1.4 0.95228512 0.952809572542964 0.952285258268515 0.000524452542963849 1.38268515414985E-07
1.5 0.966105146 0.966440566449617 0.966105266402972 0.000335420449616652 1.2040297203697E-07
1.6 0.976348383 0.976552972126066 0.97634845580629 0.000204589126065691 7.28062898858184E-08
1.7 0.983790459 0.983908575962058 0.983790470207606 0.000118116962057768 1.12076063985E-08
1.8 0.989090502 0.989154184273649 0.989090453811526 6.36822736487241E-05 4.81884736558413E-08
1.9 0.992790429 0.99208270005609 0.992790333976641 0.000707728943909913 9.50233592922345E-08
2 0.995322265 0.994900318508938 0.995322139581219 0.000421946491062086 1.25418781138364E-07
2.1 0.997020533 0.99677866822126 0.997020395440758 0.000241864778740219 1.37559241997209E-07
2.2 0.998137154 0.998004529900172 0.998137018211188 0.000132624099828504 1.35788811861381E-07
2.3 0.998856823 0.9987878297982 0.998856700762316 6.89932017996497E-05 1.22237684085924E-07
2.4 0.999311486 0.99927792527529 0.999311382118005 3.35607247095027E-05 1.03881994784061E-07
2.5 0.999593048 0.999578213503831 0.999592964536606 1.4834496169347E-05 8.34633940849372E-08
3 0.99997791 0.999978632326396 0.999977894851102 7.22326396251916E-07 1.51488978028524E-08
3.5 0.999999257 0.999999338329936 0.999999255782864 8.13299360080677E-08 1.21713605860663E-09
