0 3.04159265358979 0
0.01 3.04156770474731 -0.00498562206487855
0.03 3.04136844453052 -0.0149280957112438
0.07 3.04037433254593 -0.034762266385416
0.15 3.03600269210909 -0.0747364664285096
0.31 3.01746573853773 -0.159944503562004
0.63 2.93511708167749 -0.384737720799386
0.974270446176013 2.74272486087536 -0.813550051630999
1.26856788798828 2.42135212351708 -1.47679999152778
1.56286532980054 1.84795418478924 -2.53489623546619
1.88553982142891 0.791984990799016 -3.83556025040527
2.12957798575387 -0.207537110611556 -3.94551983406202
2.35473572518092 -1.02482824827224 -3.0888051669258
2.57989346460797 -1.58409177301794 -1.87150515415302
2.89668261221738 -1.90484168927515 -0.275514439878259
3.23032919530898 -1.734994031888 1.27162722480529
3.56621210551579 -1.041754985813 2.77995704112122
3.83818824522309 -0.159779997531005 3.35528548237149
4.06006098036025 0.568510045064188 2.94507247068646
4.2819337154974 1.12591731796835 1.96467144647379
4.50964109985471 1.44007006435779 0.788322908159503
4.78884310682481 1.46074819850253 -0.615519766312774
5.08754979990828 1.06381368305376 -1.97755615087472
5.36519701933735 0.371677321976295 -2.75652179173145
5.60204592504027 -0.299144803605075 -2.63533943347291
5.81624747629922 -0.804483182046283 -1.93563299365998
6.03044902755816 -1.1204139130225 -0.962952908654355
6.25328083927589 -1.21641561406502 0.103014194267742
6.49511734667997 -1.05647971505179 1.18556437672468
6.74966944577895 -0.627105058144239 2.06196196059302
7.01143587845067 -0.0160097260442991 2.34497591090128
7.23319005533637 0.481178865162614 1.95795547423106
7.4419287711059 0.822650636822148 1.22404891543709
7.65066748687544 0.989245906943667 0.343046504264326
7.86194638240888 0.966641896436712 -0.547282677107106
8.0830903204614 0.750236752049311 -1.35389616390197
8.31908444397589 0.350413615514807 -1.89543333373288
8.57277966107865 -0.158777310573505 -1.89776664604932
8.78783953419367 -0.53026365177873 -1.43047541578237
8.99048239646173 -0.757132093663582 -0.749780021520521
9.19312525872979 -0.833488150430473 0.0110068713677841
9.39674342722873 -0.755162841006493 0.736811351143862
9.61178786484537 -0.524208072534571 1.3417882901538
9.84861654387671 -0.151874346385458 1.65938344536659
10 0.101032981853367 1.61550046709361


