1E-06 0.992187507812504 0.00781250781249609
3E-06 0.992187523437535 0.00781252343746484
7E-06 0.992187554687691 0.00781255468730859
1.5E-05 0.992187617188379 0.00781261718662109
3.1E-05 0.992187742191254 0.00781274218374606
6.3E-05 0.992187992203004 0.00781299217199579
0.000127 0.992188492250501 0.00781349212449364
0.000255 0.992189492441484 0.0078144919334762
0.000511 0.992191493207344 0.00781649116733597
0.001023 0.992195496274218 0.00782048809821115
0.002047 0.992203508545201 0.00782847580920237
0.004095 0.992219557608984 0.00784442660111592
0.008191 0.992251753606522 0.00787622944875405
0.016383 0.992316535337659 0.00793943847750858
0.032767 0.992447643706053 0.00806425618383854
0.065535 0.992715926374774 0.00830738214778854
0.12642776550184 0.993235148038335 0.0087354028903157
0.204601872763586 0.99393838453974 0.00923730130818065
0.292754465010872 0.994775748651001 0.00973544108838359
0.388355059885467 0.995729690628822 0.0101900460447251
0.487776910791327 0.996763149137488 0.0105639247389403
0.587056913806112 0.997827102835254 0.0108329751117143
0.685729275754769 0.998905805689855 0.0109944834319618
0.784187011071803 0.999992804104984 0.0110488443344006
0.882644746388849 1.00107988201105 0.0109959971599334
0.981207987309416 1.00215763767898 0.010836225763867
1.08015893620707 1.00321853148818 0.0105698321621244
1.17985904612842 1.00425555224605 0.0101966520774069
1.2807256515468 1.00526160998875 0.00971586819621824
1.37590766064433 1.00616191455769 0.00917138985888595
1.4663920565195 1.00696604030407 0.00857663338352727
1.55328888037494 1.00768459389258 0.00793927159662484
1.63736720591314 1.0083245936733 0.00726544799907532
1.71919222386746 1.00889091818789 0.00656031146005743
1.79919898399861 1.00938707593083 0.00582832667604109
1.8777354877905 1.00981564765093 0.00507346897193499
1.95508957605243 1.01017855555836 0.00429935424463629
2.03150665735011 1.01047723417548 0.00350933020401307
2.10720199524519 1.01071274179107 0.00270654343420015
2.18236965066204 1.0108858339951 0.00189399086597133
2.25718933573546 1.01099701159768 0.00107456104135065
2.33183198184337 1.01104655009157 0.00025106874089161
2.40647462795132 1.01103450894098 -0.000573825581339861
2.48113241239797 1.01096093394304 -0.00139568968006507
2.55592485896402 1.01082593340374 -0.00221123276557676
2.6310036912578 1.01062947511492 -0.00301745100677749
2.70653808350191 1.01037132899311 -0.00381138598162903
2.78271255388168 1.01005103592825 -0.00459001026763611
2.85973034879019 1.00966787201244 -0.00535015654580018
2.93782009833911 1.00922079508876 -0.00608845564877385
3.01724562799642 1.00870836300404 -0.0068012666582745
3.09832005599017 1.00812860849091 -0.00748458668707544
3.18142663407213 1.00747884475957 -0.00813392564604323
3.2670510066282 1.00675535389545 -0.00874412262441427
3.35583408182597 1.00595286355252 -0.00930906120149315
3.44866507299185 1.00506360942437 -0.00982119762834865
3.54686116273005 1.00407549902495 -0.01027070812689
3.64704708176264 1.0030268493231 -0.0106271579029479
3.74624694224548 1.00195853136449 -0.010874905787397
3.84487611496217 1.00087721474613 -0.0110150355809399
3.94332475011062 0.999789346833617 -0.011047951185804
4.04177338525908 0.998703512869279 -0.0109736870235194
4.14034874755542 0.997628875529298 -0.010792661661091
4.23934246644887 0.996572883881032 -0.0105052254591971
4.33912292230356 0.995542521596362 -0.0101112273570359
4.43928796149062 0.994552863926207 -0.00961435927569833
4.53343315148466 0.993672468268771 -0.0090592740278291
4.62313601426229 0.992885780419274 -0.00845557401810959
4.70942370588377 0.992183066431973 -0.00781057249690145
4.79301711387688 0.99155781303727 -0.00713018492079381
4.87445129113086 0.991005457651063 -0.00641940605910502
4.95414142240166 0.99052270167562 -0.0056825917527982
5.0324219157537 0.990107110871405 -0.00492363803222895
5.10957107518949 0.989756869832581 -0.00414610188372529
5.1858275333324 0.989470625142991 -0.00335328683916581
5.26140174980174 0.989247382685772 -0.00254830642713187
5.33648446192851 0.989086439901329 -0.00173413328778682
5.41125323218469 0.988987341933504 -0.000913638893051585
5.48587783363541 0.988949855234648 -8.96271902213332E-05
5.56050243508622 0.988973938458732 0.000734886324328784
5.63516855248935 0.989059522239414 0.00155576246393006
5.70999981465091 0.989206524794021 0.00236974810791121
5.78515027899258 0.989415015262555 0.00317384311108624
5.86079141400639 0.989685266079245 0.00396507562649325
5.9371107594548 0.990017784635219 0.00474039337417894
6.01431579185607 0.990413351899258 0.00549659367243408
6.09264106933666 0.990873080499374 0.00623025998448644
6.17235871927882 0.99139850348179 0.00693768864249444
6.25379359207719 0.991991710400995 0.00761479299120614
6.28318530717959 0.992218966636706 0.00784686580978867


0.0001 0.999950000000038 -0.4999999975
0.0003 0.999850000001842 -0.4999999775
0.0007 0.99965000002527 -0.499999877500003
0.0015 0.999250000254696 -0.499999437500076
0.0031 0.998450002270102 -0.499997597501431
0.0063 0.996850019137337 -0.49999007752476
0.0127 0.993650157098694 -0.499959677911664
0.0255 0.987251272964391 -0.499837444213077
0.0511 0.974460248295839 -0.499347305928409
0.1023 0.948932229357807 -0.49738542040753
0.195751093764969 0.902704850182468 -0.490444321363119
0.312514020328958 0.846161751052011 -0.475752212104631
0.439380473537762 0.787116706944012 -0.452430328016642
0.570756921207775 0.729593299063246 -0.420594526325829
0.705119429749771 0.67559977072582 -0.380515089950502
0.835354328710366 0.62885860074138 -0.335094172805985
0.95856247865348 0.590437073030538 -0.286875758313098
1.07623586732918 0.559550712635719 -0.236745542703301
1.18941957923316 0.535602387650795 -0.185425905530787
1.29889249467098 0.518104621111449 -0.133522097551552
1.40526608072268 0.506640121523407 -0.0815497795735421
1.50904346964723 0.500840803767523 -0.0299529250278788
1.61240655896241 0.500413879934905 0.0217598414270313
1.71576964827762 0.505330088973393 0.0732404422035948
1.820639155464 0.515724558181943 0.124670131672592
1.92785382182462 0.531862830154159 0.175829639275406
2.03806025151856 0.554065491934757 0.226305935581095
2.15191226656577 0.582695790517458 0.27555967345726
2.27018655843444 0.618171697338201 0.322936081859164
2.39389658735585 0.660997586689667 0.367645846799328
2.52446580626365 0.711828471618676 0.408717686446586
2.65978362609611 0.769696749595692 0.443915888681511
2.79374446964134 0.831149523645093 0.470742003494932
2.9273947694495 0.895487001951007 0.489073710472395
3.06104506925766 0.961696543302035 0.498654640292932
3.19512820990713 1.02881064566188 0.499300705110911
3.33039733809556 1.09599302757838 0.490840607830196
3.46773897036883 1.16240375909264 0.473046081106774
3.60815827750612 1.22712772092911 0.445611675425091
3.75284605121444 1.289122014559 0.408136725517048
3.88879856312071 1.34185912196297 0.365113057946796
4.01635493136463 1.3855927127783 0.318590217331827
4.13747500919347 1.42130887014454 0.269602290264907
4.25346533226605 1.44971392316072 0.218970842818591
4.36526262726034 1.47136049012027 0.167373321379855
4.4735784215002 1.48670831415465 0.115381176327736
4.57898076934994 1.49615580932107 0.0634833361528038
4.68194455034184 1.50005692343917 0.0121018855527854
4.78490833133377 1.49865119096521 -0.0394085436410121
4.88860279337605 1.49188709765692 -0.0908617867333895
4.99416429150094 1.47956300079884 -0.14223589340266
5.10231221318587 1.46138956403007 -0.193221711924745
5.21367211222488 1.43703171645053 -0.243355458360569
5.32892511273531 1.40610985016263 -0.292057470992696
5.44891303795074 1.36818128238162 -0.338629924229293
5.57476394051456 1.32269984752297 -0.382228238660484
5.70810390656378 1.26893355079271 -0.421800712545335
5.85149294201949 1.20578165997467 -0.455966007896635
5.99284562220083 1.13937163917956 -0.480454034803703
6.13061277115937 1.0719536977774 -0.495067388991299
6.26589033766238 1.00441697487438 -0.500257400890536
6.28318530717959 0.995764574166136 -0.500258973036159


0.0001 0.999950000050037 -0.49999899755
0.0003 0.999850000451805 -0.499996977950014
0.0007 0.999650002474764 -0.499992879950213
0.0015 0.999250011499601 -0.499984448752253
0.0031 0.998450050274686 -0.499966645571044
0.0063 0.996850217204345 -0.499927276140518
0.0127 0.993650960402656 -0.499833485717848
0.0255 0.9872544986891 -0.499585706335771
0.0511 0.974473098321338 -0.498849447482464
0.1023 0.94898289443508 -0.496415400169152
0.196248304581098 0.902641070835164 -0.488630152693268
0.313890197927423 0.845947165309743 -0.472909348919498
0.441850695208991 0.786827362280908 -0.448498253168369
0.574461969148009 0.729358641771862 -0.415563138905122
0.710196845175693 0.675572389712024 -0.374383348378958
0.840382163232431 0.629683188953275 -0.328477028039843
0.963679244440892 0.592074231362233 -0.279915707290861
1.08152801575175 0.561978097173023 -0.229558343856418
1.19494757339985 0.538804651622501 -0.178108029672705
1.3047038644489 0.522069359612763 -0.126155033545191
1.41140261384282 0.511356449733748 -0.0742028186397823
1.51554555074366 0.506299186089049 -0.0226851467073212
1.61968848764451 0.506629895184913 0.0290768821150153
1.72397994788969 0.512357066206846 0.0806000154837903
1.82988434328409 0.52363522732476 0.13203040460597
1.93823751337326 0.540741077316086 0.183130422005078
2.04970140966173 0.564005688848629 0.233473805287017
2.16495823207865 0.593805434561896 0.282508186383542
2.28482790236928 0.630576768902262 0.329563084194174
2.41038979901369 0.674851972709978 0.373827786736164
2.54317412218983 0.727331538261788 0.414298958662587
2.67937516392538 0.786259331730494 0.4483189190284
2.81436394147941 0.848698608197158 0.473946539652303
2.94926833182911 0.913991460095335 0.491062438637982
3.08417272217883 0.981006595429492 0.499389957452578
3.21965044412773 1.04883281671831 0.498770389393158
3.35651281670285 1.11664611412194 0.489028299204973
3.49568178319965 1.18359669273063 0.469922803364017
3.63819964317224 1.2487456152499 0.441132370563504
3.78531000261471 1.31101346939887 0.40223590094346
3.92201004162189 1.363177485761 0.358466868604411
4.05057384450215 1.40635898938994 0.311337598185832
4.17285857646794 1.44149822974387 0.261855059314279
4.29011506687464 1.46927888164049 0.210825124180485
4.40324715125243 1.49024235246376 0.158915348623601
4.51294601560404 1.50484347899769 0.10669047117575
4.61976706713061 1.51347945965016 0.0546345261763681
4.7241777882357 1.51650519303313 0.00316577044123554
4.82858850934082 1.51414535955914 -0.0483370335267349
4.93424713781033 1.50630031019085 -0.0999342082836062
5.04204338567629 1.49272710444966 -0.15145781356751
5.15261828748492 1.4731186272257 -0.202531883809255
5.26658611498279 1.44712683069772 -0.252652885642594
5.38465064727296 1.41435767984684 -0.301208091717389
5.50770444200139 1.37434847460617 -0.347463859080287
5.63696503955952 1.3265208195165 -0.390530062117448
5.77421975031324 1.27008337883732 -0.429289692528669
5.92110604267197 1.20438764180402 -0.462016371116847
6.06323217541676 1.13690352639262 -0.484406816234633
6.20189075444773 1.06864040683894 -0.49701970162364
6.28318530717959 1.02806616791326 -0.500061399996427


