0 0 1
0.01 0.01 0.99995
0.0299867653772861 0.029983768685066 0.999550406937874
0.0607978216219518 0.0607667403791692 0.998152128165145
0.101179478658934 0.101024231789296 0.994884434025553
0.148999262654821 0.148483882866526 0.988915960175877
0.20214852982023 0.200834319490683 0.979627383660559
0.258926296800928 0.256131658521687 0.966645439807775
0.318096616042478 0.312880003096989 0.949797873735885
0.378813203916956 0.369971772462452 0.929050150682843
0.440516652342253 0.426593070878896 0.904453022960305
0.502845005111008 0.482137518550833 0.876107359344117
0.565567119234398 0.536140444496968 0.844143343846313
0.628536581973427 0.588232757824033 0.808709289247232
0.691661117668616 0.638110188624306 0.769966134743252
0.754882752454479 0.685513451123438 0.728084997708778
0.818165134401065 0.730215779935765 0.683246207281007
0.881485497215185 0.772015289144136 0.635638952142258
0.944829593811825 0.810730418470144 0.585461098525884
1.00818851264907 0.846197321813897 0.532918972102723
1.07155668122205 0.878268457913077 0.478227022896699
1.13493061561777 0.906811910599413 0.421607354293068
1.19830813795758 0.931711139726818 0.363289124861777
1.26168788689552 0.952864974887073 0.303507841884561
1.3250690115216 0.970187734391862 0.242504567322328
1.38845097998923 0.983609396286389 0.180525055295703
1.45183345988279 0.993075775899003 0.117818837361799
1.51521624343766 0.998548681750803 0.0546382690459189
1.57859920079885 1.00000603244855 -0.00876245134403082
1.64198225080604 0.997441923925308 -0.0721282825218784
1.70536534273361 0.99086664062081 -0.135204351007979
1.76874841928261 0.980306611939418 -0.19773694118744
1.83213145320858 0.965804298390002 -0.259474553347291
1.8955144445117 0.947418012205688 -0.320168911792052
1.95889739319218 0.925221684799898 -0.379575936036327
2.02228029925018 0.899304569445856 -0.43745672235431
2.0856631626859 0.869770882341011 -0.493578504509361
2.14904598349952 0.836739383499999 -0.547715589800231
2.21242876169123 0.80034289916177 -0.599650266659781
2.27581149726122 0.760727787631664 -0.649173680156487
2.33919419020967 0.718053350706681 -0.696086671878069
2.40257684053676 0.67249119305104 -0.740200580819882
2.4659594482427 0.624224532098384 -0.781338002057501
2.52934201332765 0.573447461255958 -0.819333500152733
2.59272453579181 0.52036416937386 -0.85403427442433
2.65610701563536 0.465188119618296 -0.885300773408262
2.7194894528585 0.408141191051057 -0.913007256036753
2.7828718474614 0.349452786367345 -0.937042297279543
2.84625419944425 0.28935890938018 -0.957309236214221
2.90963650880724 0.228101215961242 -0.973726564723943
2.97301877555056 0.165926042254744 -0.986228255259672
3.03640099967439 0.103083414072288 -0.994764026349094
3.09978318117891 0.0398260414523307 -0.999299544784709
3.16316532006432 -0.0235916975724852 -0.999816563678254
3.2265474163308 -0.0869147799134903 -0.996312995826521
3.28992946997853 -0.149888562956058 -0.988802922093734
3.35331148100771 -0.212259808557595 -0.977316534777024
3.41669344941852 -0.27377770139564 -0.961900016182952
3.48007537521114 -0.334194857571008 -0.942615352903575
3.54345725838576 -0.393268319410118 -0.919540086539135
3.60683909894258 -0.450760532466147 -0.892767001869997
3.67022089688176 -0.506440300790289 -0.86240375373199
3.73360265220351 -0.560083716631752 -0.828572434095809
3.796984364908 -0.611475060828011 -0.79140908109157
3.86036603499542 -0.660407670264706 -0.751063131953051
3.92374766246597 -0.706684768916994 -0.707696822081677
3.98712924731982 -0.750120259130654 -0.661484532646944
4.05051078955716 -0.790539469961134 -0.61261208934692
4.11389228917818 -0.827779859561421 -0.561276015148852
4.17727374618306 -0.861691668794422 -0.507682740014945
4.24065516057199 -0.892138523441682 -0.452047770791341
4.30403653234516 -0.918997982586994 -0.394594824598492
4.36741786150276 -0.942162030969905 -0.33555492920791
4.43079914804496 -0.961537513329443 -0.275165494022962
4.49418039197195 -0.977046508991675 -0.21366935539962
4.55756159328393 -0.988626645194983 -0.151313800146209
4.62094275198108 -0.996231347893349 -0.0883495711289369
4.68432386806358 -0.9998300290293 -0.025029858981939
4.74770494153162 -0.999408209523681 0.0383907160236065
4.81108597238539 -0.994967577487904 0.101657127857138
4.87446696062507 -0.986525981424809 0.164514970235938
4.93784790625085 -0.974117358445695 0.226711479638167
5.00122880926292 -0.957791597792394 0.287996551708001
5.06460966966145 -0.937614340213403 0.348123746965757
5.12799048744665 -0.913666714001039 0.406851281778921
5.19137126261869 -0.88604500875126 0.463943000609267
5.25475199517776 -0.854860288158218 0.519169325626591
5.31813268512404 -0.820237943400782 0.572308179870579
5.38151333245773 -0.782317188917095 0.623145880248759
5.44489393717901 -0.741250502594949 0.671477996779742
5.50827449928806 -0.697203012629213 0.717110174626766
5.57165501878507 -0.650351833512026 0.75985891561614
5.63503549567023 -0.600885353825986 0.79955231609817
5.69841592994373 -0.549002478704367 0.836030758183666
5.76179632160574 -0.49491183000466 0.869147551576673
5.82517667065647 -0.438830907411779 0.898769523422697
5.88855697709608 -0.380985213844332 0.924777553800775
5.95193724092477 -0.321607348680916 0.947067054706299
6.01531746214273 -0.260936072452758 0.965548390598765
6.07869764075014 -0.199215346763734 0.980147238823573
6.14207777674719 -0.136693353298427 0.990804888458802
6.20545787013406 -0.0736214958629128 0.997478476385492
6.26883792091094 -0.0102533894712011 1.00014115963237
6.28318530717959 0.00409707738647816 1.00018533069663


0 0 1
0.01 0.01 0.99995
0.0299867653772861 0.029983768685066 0.999550406937874
0.0607978216219518 0.0607667403791692 0.998152128165145
0.101179478658934 0.101024231789296 0.994884434025553
0.148999262654821 0.148483882866526 0.988915960175877
0.20214852982023 0.200834319490683 0.979627383660559
0.258926296800928 0.256131658521687 0.966645439807775
0.318096616042478 0.312880003096989 0.949797873735885
0.378813203916956 0.369971772462452 0.929050150682843
0.440516652342253 0.426593070878896 0.904453022960305
0.502845005111008 0.482137518550833 0.876107359344117
0.565567119234398 0.536140444496968 0.844143343846313
0.628536581973427 0.588232757824033 0.808709289247232
0.691661117668616 0.638110188624306 0.769966134743252
0.754882752454479 0.685513451123438 0.728084997708778
0.818165134401065 0.730215779935765 0.683246207281007
0.881485497215185 0.772015289144136 0.635638952142258
0.944829593811825 0.810730418470144 0.585461098525884
1.00818851264907 0.846197321813897 0.532918972102723
1.07155668122205 0.878268457913077 0.478227022896699
1.13493061561777 0.906811910599413 0.421607354293068
1.19830813795758 0.931711139726818 0.363289124861777
1.26168788689552 0.952864974887073 0.303507841884561
1.3250690115216 0.970187734391862 0.242504567322328
1.38845097998923 0.983609396286389 0.180525055295703
1.45183345988279 0.993075775899003 0.117818837361799
1.51521624343766 0.998548681750803 0.0546382690459189
1.57859920079885 1.00000603244855 -0.00876245134403082
1.64198225080604 0.997441923925308 -0.0721282825218784
1.70536534273361 0.99086664062081 -0.135204351007979
1.76874841928261 0.980306611939418 -0.19773694118744
1.83213145320858 0.965804298390002 -0.259474553347291
1.8955144445117 0.947418012205688 -0.320168911792052
1.95889739319218 0.925221684799898 -0.379575936036327
2.02228029925018 0.899304569445856 -0.43745672235431
2.0856631626859 0.869770882341011 -0.493578504509361
2.14904598349952 0.836739383499999 -0.547715589800231
2.21242876169123 0.80034289916177 -0.599650266659781
2.27581149726122 0.760727787631664 -0.649173680156487
2.33919419020967 0.718053350706681 -0.696086671878069
2.40257684053676 0.67249119305104 -0.740200580819882
2.4659594482427 0.624224532098384 -0.781338002057501
2.52934201332765 0.573447461255958 -0.819333500152733
2.59272453579181 0.52036416937386 -0.85403427442433
2.65610701563536 0.465188119618296 -0.885300773408262
2.7194894528585 0.408141191051057 -0.913007256036753
2.7828718474614 0.349452786367345 -0.937042297279543
2.84625419944425 0.28935890938018 -0.957309236214221
2.90963650880724 0.228101215961242 -0.973726564723943
2.97301877555056 0.165926042254744 -0.986228255259672
3.03640099967439 0.103083414072288 -0.994764026349094
3.09978318117891 0.0398260414523307 -0.999299544784709
3.16316532006432 -0.0235916975724852 -0.999816563678254
3.2265474163308 -0.0869147799134903 -0.996312995826521
3.28992946997853 -0.149888562956058 -0.988802922093734
3.35331148100771 -0.212259808557595 -0.977316534777024
3.41669344941852 -0.27377770139564 -0.961900016182952
3.48007537521114 -0.334194857571008 -0.942615352903575
3.54345725838576 -0.393268319410118 -0.919540086539135
3.60683909894258 -0.450760532466147 -0.892767001869997
3.67022089688176 -0.506440300790289 -0.86240375373199
3.73360265220351 -0.560083716631752 -0.828572434095809
3.796984364908 -0.611475060828011 -0.79140908109157
3.86036603499542 -0.660407670264706 -0.751063131953051
3.92374766246597 -0.706684768916994 -0.707696822081677
3.98712924731982 -0.750120259130654 -0.661484532646944
4.05051078955716 -0.790539469961134 -0.61261208934692
4.11389228917818 -0.827779859561421 -0.561276015148852
4.17727374618306 -0.861691668794422 -0.507682740014945
4.24065516057199 -0.892138523441682 -0.452047770791341
4.30403653234516 -0.918997982586994 -0.394594824598492
4.36741786150276 -0.942162030969905 -0.33555492920791
4.43079914804496 -0.961537513329443 -0.275165494022962
4.49418039197195 -0.977046508991675 -0.21366935539962
4.55756159328393 -0.988626645194983 -0.151313800146209
4.62094275198108 -0.996231347893349 -0.0883495711289369
4.68432386806358 -0.9998300290293 -0.025029858981939
4.74770494153162 -0.999408209523681 0.0383907160236065
4.81108597238539 -0.994967577487904 0.101657127857138
4.87446696062507 -0.986525981424809 0.164514970235938
4.93784790625085 -0.974117358445695 0.226711479638167
5.00122880926292 -0.957791597792394 0.287996551708001
5.06460966966145 -0.937614340213403 0.348123746965757
5.12799048744665 -0.913666714001039 0.406851281778921
5.19137126261869 -0.88604500875126 0.463943000609267
5.25475199517776 -0.854860288158218 0.519169325626591
5.31813268512404 -0.820237943400782 0.572308179870579
5.38151333245773 -0.782317188917095 0.623145880248759
5.44489393717901 -0.741250502594949 0.671477996779742
5.50827449928806 -0.697203012629213 0.717110174626766
5.57165501878507 -0.650351833512026 0.75985891561614
5.63503549567023 -0.600885353825986 0.79955231609817
5.69841592994373 -0.549002478704367 0.836030758183666
5.76179632160574 -0.49491183000466 0.869147551576673
5.82517667065647 -0.438830907411779 0.898769523422697
5.88855697709608 -0.380985213844332 0.924777553800775
5.95193724092477 -0.321607348680916 0.947067054706299
6.01531746214273 -0.260936072452758 0.965548390598765
6.07869764075014 -0.199215346763734 0.980147238823573
6.14207777674719 -0.136693353298427 0.990804888458802
6.20545787013406 -0.0736214958629128 0.997478476385492
6.26883792091094 -0.0102533894712011 1.00014115963237
6.28318530717959 0.00409707738647816 1.00018533069663


