100 0.0146175502778913
100.06 0.0146852132412879
100.12 0.0147533468443151
100.18 0.0148219554595232
100.24 0.0148910435103325
100.3 0.0149606154717447
100.36 0.0150306758710659
100.42 0.0151012292886417
100.48 0.0151722803586039
100.54 0.0152438337696301
100.6 0.0153158942657153
100.66 0.0153884666469566
100.72 0.0154615557703507
100.78 0.0155351665506047
100.84 0.0156093039609604
100.9 0.0156839730340327
100.96 0.0157591788626613
101.02 0.0158349266007774
101.08 0.0159112214642846
101.14 0.0159880687319546
101.2 0.0160654737463385
101.26 0.0161434419146928
101.32 0.0162219787099219
101.38 0.0163010896715358
101.44 0.0163807804066252
101.5 0.0164610565908521
101.56 0.0165419239694582
101.62 0.0166233883582905
101.68 0.0167054556448441
101.74 0.0167881317893239
101.8 0.0168714228257235
101.86 0.0169553348629238
101.92 0.0170398740858106
101.98 0.0171250467564107
102.04 0.0172108592150497
102.1 0.0172973178815279
102.16 0.0173844292563188
102.22 0.0174721999217875
102.28 0.0175606365434311
102.34 0.017649745871141
102.4 0.0177395347404873
102.46 0.0178300100740267
102.52 0.0179211788826332
102.58 0.0180130482668526
102.64 0.0181056254182816
102.7 0.0181989176209714
102.76 0.0182929322528567
102.82 0.0183876767872108
102.88 0.0184831587941263
102.94 0.0185793859420236
103 0.0186763659991862
103.06 0.0187741068353243
103.12 0.018872616423167
103.18 0.0189719028400839
103.24 0.0190719742697357
103.3 0.0191728390037566
103.36 0.0192745054434667
103.42 0.0193769821016166
103.48 0.0194802776041644
103.54 0.0195844006920856
103.6 0.0196893602232173
103.66 0.0197951651741367
103.72 0.0199018246420747
103.78 0.0200093478468655
103.84 0.0201177441329338
103.9 0.0202270229713189
103.96 0.0203371939617371
104.02 0.0204482668346843
104.08 0.0205602514535777
104.14 0.0206731578169392
104.2 0.0207869960606205
104.26 0.0209017764600707
104.32 0.0210175094326487
104.38 0.0211342055399791
104.44 0.0212518754903545
104.5 0.0213705301411846
104.56 0.0214901805014929
104.62 0.0216108377344625
104.68 0.0217325131600312
104.74 0.021855218257539
104.8 0.0219789646684263
104.86 0.0221037641989866
104.92 0.0222296288231734
104.98 0.0223565706854631
105.04 0.0224846021037749
105.1 0.0226137355724494
105.16 0.0227439837652868
105.22 0.0228753595386461
105.28 0.0230078759346075
105.34 0.023141546184198
105.4 0.0232763837106832
105.46 0.0234124021329258
105.52 0.0235496152688125
105.58 0.0236880371387519
105.64 0.023827681969243
105.7 0.0239685641965186
105.76 0.0241106984702626
105.82 0.0242540996574058
105.88 0.0243987828459993
105.94 0.0245447633491695
106 0.0246920567091551
106.06 0.0248406787014297
106.12 0.02499064533891
106.18 0.0251419728762538
106.24 0.025294677814248
106.3 0.0254487769042908
106.36 0.0256042871529681
106.42 0.0257612258267286
106.48 0.0259196104566587
106.54 0.0260794588433594
106.6 0.0262407890619297
106.66 0.0264036194670561
106.72 0.0265679686982132
106.78 0.0267338556849778
106.84 0.0269012996524581
106.9 0.0270703201268422
106.96 0.027240936941068
107.02 0.0274131702406189
107.08 0.0275870404894459
107.14 0.0277625684760226
107.2 0.0279397753195333
107.26 0.0281186824762003
107.32 0.0282993117457521
107.38 0.0284816852780365
107.44 0.0286658255797833
107.5 0.0288517555215189
107.56 0.0290394983446383
107.62 0.0292290776686371
107.68 0.029420517498509
107.74 0.0296138422323122
107.8 0.0298090766689094
107.86 0.0300062460158862
107.92 0.0302053758976523
107.98 0.03040649236373
108.04 0.0306096218972368
108.1 0.0308147914235639
108.16 0.0310220283192595
108.22 0.0312313604211196
108.28 0.0314428160354939
108.34 0.0316564239478106
108.4 0.0318722134323282
108.46 0.032090214262119
108.52 0.0323104567192901
108.58 0.0325329716054511
108.64 0.0327577902524319
108.7 0.0329849445332596
108.76 0.0332144668734011
108.82 0.033446390262279
108.88 0.0336807482650681
108.94 0.0339175750347795
109 0.0341569053246429
109.06 0.0343987745007925
109.12 0.0346432185552671
109.18 0.0348902741193323
109.24 0.0351399784771345
109.3 0.0353923695796955
109.36 0.0356474860592585
109.42 0.0359053672439944
109.48 0.0361660531730794
109.54 0.0364295846121547
109.6 0.0366960030691797
109.66 0.0369653508106883
109.72 0.0372376708784633
109.78 0.0375130071066381
109.84 0.0377914041392396
109.9 0.0380729074481863
109.96 0.0383575633517525
110.02 0.0386454190335153
110.08 0.0389365225617975
110.14 0.0392309229096201
110.2 0.0395286699751823
110.26 0.0398298146028831
110.32 0.0401344086049014
110.38 0.0404425047833517
110.44 0.0407541569530325
110.5 0.0410694199647868
110.56 0.0413883497294917
110.62 0.0417110032426985
110.68 0.0420374386099419
110.74 0.0423677150727398
110.8 0.0427018930353057
110.86 0.043040034091995
110.92 0.0433822010555091
110.98 0.0437284579858813
111.04 0.0440788702202688
111.1 0.0444335044035773
111.16 0.0447924285199431
111.22 0.0451557119251029
111.28 0.0455234253796776
111.34 0.0458956410834005
111.4 0.0462724327103213
111.46 0.0466538754450167
111.52 0.0470400460198406
111.58 0.0474310227532494
111.64 0.0478268855892361
111.7 0.0482277161379113
111.76 0.048633597717269
111.82 0.0490446153961762
111.88 0.0494608560386286
111.94 0.0498824083493134
112 0.0503093629205252
112.06 0.0507418122804798
112.12 0.0511798509430746
112.18 0.0516235754591435
112.24 0.0520730844692602
112.3 0.0525284787581413
112.36 0.052989861310706
112.42 0.0534573373698487
112.48 0.0539310144959877
112.54 0.0544110026284475
112.6 0.054897414148745
112.66 0.055390363945842
112.72 0.0558899694834383
112.78 0.0563963508693756
112.84 0.056909630927229
112.9 0.0574299352701662
112.96 0.0579573923771543
113.02 0.0584921336716016
113.08 0.0590342936025237
113.14 0.0595840097283239
113.2 0.0601414228032883
113.26 0.0607066768668939
113.32 0.061279919336034
113.38 0.0618613011002732
113.44 0.0624509766202413
113.5 0.0630491040292888
113.56 0.0636558452385261
113.62 0.0642713660453748
113.68 0.0648958362457668
113.74 0.0655294297501304
113.8 0.0661723247033122
113.86 0.0668247036085834
113.92 0.0674867534558948
113.98 0.0681586658545439
114.04 0.0688406371704289
114.1 0.0695328686680722
114.16 0.0702355666576008
114.22 0.0709489426468847
114.28 0.0716732134990383
114.34 0.072408601595503
114.4 0.0731553350049358
114.46 0.0739136476581425
114.52 0.0746837795293012
114.58 0.0754659768237384
114.64 0.0762604921725238
114.7 0.0770675848341732
114.76 0.0778875209037534
114.82 0.0787205735296997
114.88 0.0795670231386758
114.94 0.0804271576688118
115 0.0813012728116828
115.06 0.0821896722634015
115.12 0.0830926679852168
115.18 0.0840105804740324
115.24 0.0849437390432763
115.3 0.0858924821145763
115.36 0.0868571575207149
115.42 0.087838122820367
115.48 0.0888357456251414
115.54 0.0898504039394791
115.6 0.090882486513987
115.66 0.0919323932128134
115.72 0.0930005353957057
115.78 0.0940873363154234
115.84 0.0951932315312096
115.9 0.0963186693390668
115.96 0.097464111219618
116.02 0.0986300323043754
116.08 0.0998169218612849
116.14 0.101025283800455
116.2 0.102255637201035
116.26 0.10350851686025
116.32 0.104784473865669
116.38 0.106084076191815
116.44 0.107407909322322
116.5 0.108756576898873
116.56 0.110130701398254
116.62 0.111530924838905
116.68 0.11295790951845
116.74 0.114412338783752
116.8 0.115894917835145
116.86 0.117406374566559
116.92 0.118947460443399
116.98 0.120518951420098
117.04 0.122121648899404
117.1 0.123756380735573
117.16 0.125424002283766
117.22 0.127125397498085
117.28 0.128861480080828
117.34 0.130633194685699
117.4 0.132441518177867
117.46 0.134287460953945
117.52 0.136172068325155
117.58 0.13809642196714
117.64 0.140061641440078
117.7 0.142068885783028
117.76 0.144119355186625
117.82 0.146214292748546
117.88 0.148354986316414
117.94 0.150542770423148
118 0.152779028320019
118.06 0.155065194113102
118.12 0.15740275500909
118.18 0.159793253676899
118.24 0.162238290731878
118.3 0.164739527349899
118.36 0.167298688019085
118.42 0.169917563437469
118.48 0.172598013565418
118.54 0.175341970842259
118.6 0.178151443577224
118.66 0.18102851952548
118.72 0.18397536966079
118.78 0.186994252157169
118.84 0.19008751659273
118.9 0.193257608389905
118.96 0.196507073507191
119.02 0.199838563398705
119.08 0.203254840258984
119.14 0.206758782571762
119.2 0.210353390982814
119.26 0.214041794518482
119.32 0.217827257173068
119.38 0.221713184890073
119.44 0.225703132964109
119.5 0.229800813892412
119.56 0.234010105707063
119.62 0.238335060821467
119.68 0.242779915427269
119.74 0.247349099480693
119.8 0.252047247320447
119.86 0.256879208962646
119.92 0.261850062121911
119.98 0.266965125011775
120.04 0.272229969981871
120.1 0.277650438054137
120.16 0.2832326544254
120.22 0.288983045009407
120.28 0.294908354097471
120.34 0.301015663223678
120.4 0.307312411327927
120.46 0.313806416318166
120.52 0.320505898141988
120.58 0.327419503487399
120.64 0.334556332243174
120.7 0.341925965860832
120.76 0.349538497772974
120.82 0.357404566036757
120.88 0.365535388386607
120.94 0.373942799897178
121 0.382639293476182
121.06 0.391638063427096
121.12 0.400953052344324
121.18 0.410599001628159
121.24 0.42059150593424
121.3 0.430947071902345
121.36 0.441683181542581
121.42 0.452818360693804
121.48 0.464372253009536
121.54 0.476365699971455
121.6 0.488820827479986
121.66 0.501761139626075
121.72 0.515211620308753
121.78 0.529198843429731
121.84 0.543751092470109
121.9 0.558898490335863
121.96 0.574673140448888
122.02 0.591109280159968
122.08 0.608243447670081
122.14 0.626114663767694
122.2 0.644764629823722
122.26 0.664237943633085
122.32 0.684582334854053
122.38 0.705848921974609
122.44 0.728092492930094
122.5 0.751371811709748
122.56 0.775749953521788
122.62 0.801294671338656
122.68 0.828078796915773
122.74 0.856180679668577
122.8 0.885684667102481
122.86 0.916681630816298
122.92 0.949269542438208
122.98 0.983554104197556
123.04 1.01964943917753
123.1 1.05767884661942
123.16 1.09777562794063
123.22 1.14008398936041
123.28 1.18476002716519
123.34 1.23197280164124
123.4 1.28190550549504
123.46 1.3347567320853
123.52 1.39074184789462
123.58 1.4500944722264
123.64 1.51306806493001
123.7 1.57993761978334
123.76 1.65100145666783
123.82 1.72658309943331
123.88 1.80703321782158
123.94 1.89273160030009
124 1.98408910926316
124.06 2.0815495496684
124.12 2.18559135539964
124.18 2.29672896277162
124.24 2.41551369554898
124.3 2.54253392820652
124.36 2.67841422113008
124.42 2.82381303004031
124.48 2.97941847911584
124.54 3.14594155058208
124.6 3.32410588167843
124.66 3.51463317427157
124.72 3.71822301890963
124.78 3.93552572735619
124.84 4.16710658090494
124.9 4.41339977855435
124.96 4.67465037565472
125.02 4.95084273660293
125.08 5.24161461641692
125.14 5.54615710135482
125.2 5.86310246392614
125.26 6.19040469242811
125.32 6.52522112457311
125.38 6.86380814034551
125.44 7.20144880517869
125.5 7.53243477118744
125.56 7.85012715132652
125.62 8.14711953827567
125.68 8.41551888064623
125.74 8.64734536176688
125.8 8.8350313700457
125.86 8.97197538660147
125.92 9.05308510920319
125.98 9.07523267270681
126.04 9.03754937434168
126.1 8.9415095276294
126.16 8.79078866171928
126.22 8.59092095090755
126.28 8.34881360506019
126.34 8.07219373117914
126.4 7.76906317574095
126.46 7.44722209851063
126.52 7.11389911696487
126.58 6.77550195490576
126.64 6.43748296384443
126.7 6.1043012020314
126.76 5.77945700123053
126.82 5.46557463660506
126.88 5.16451181885652
126.94 4.87747940046281
127 4.60515958461854
127.06 4.34781525460405
127.12 4.10538645979598
127.18 3.87757255701418
127.24 3.66390012828403
127.3 3.46377775742257
127.36 3.27653923108379
127.42 3.10147689265246
127.48 2.93786684214512
127.54 2.78498753021399
127.6 2.64213309884763
127.66 2.50862261284813
127.72 2.38380612639853
127.78 2.26706834924358
127.84 2.15783052170532
127.9 2.05555097746015
127.96 1.95972476604248
128.02 1.86988262070738
128.08 1.78558948854734
128.14 1.7064427856496
128.2 1.63207049790657
128.26 1.56212921550832
128.32 1.4963021641856
128.38 1.43429727730504
128.44 1.37584533863143
128.5 1.32069821491027
128.56 1.26862718955254
128.62 1.21942140296711
128.68 1.17288640097278
128.74 1.12884278983419
128.8 1.08712499449799
128.86 1.04758011532174
128.92 1.01006687780892
128.98 0.974454669451845
129.04 0.940622657636586
129.1 0.90845898260293
129.16 0.877860019617829
129.22 0.848729704771829
129.28 0.82097891911003
129.34 0.794524926140654
129.4 0.769290858107689
129.46 0.745205246757672
129.52 0.722201594666264
129.58 0.700217983512384
129.64 0.679196715992827
129.7 0.659083988356857
129.76 0.639829590806495
129.82 0.621386633255289
129.88 0.603711294165316
129.94 0.586762590390613
130 0.570502166145797
130.06 0.554894099392429
130.12 0.539904724093896
130.18 0.525502466933348
130.24 0.511657697219726
130.3 0.498342588825221
130.36 0.485530993104676
130.42 0.473198321844504
130.48 0.461321439376508
130.54 0.449878563071437
130.6 0.43884917149911
130.66 0.428213919606768
130.72 0.417954560326378
130.78 0.40805387207468
130.84 0.398495591658043
130.9 0.389264352137732
130.96 0.380345625250735
131.02 0.371725668017029
131.08 0.363391473196597
131.14 0.355330723288855
131.2 0.347531747793891
131.26 0.339983483478951
131.32 0.332675437415713
131.38 0.325597652573739
131.44 0.318740675773651
131.5 0.312095527820055
131.56 0.305653675649242
131.62 0.299407006340314
131.68 0.293347802850876
131.74 0.287468721349701
131.8 0.281762770029174
131.86 0.276223289289702
131.92 0.27084393319693
131.98 0.265618652120443
132.04 0.260541676469837
132.1 0.255607501450638
132.16 0.250810872768533
132.22 0.246146773215918
132.28 0.24161041007983
132.34 0.237197203314938
132.4 0.232902774429535
132.46 0.228722936036373
132.52 0.224653682023767
132.58 0.220691178305692
132.64 0.216831754112613
132.7 0.213071893787608
132.76 0.209408229054858
132.82 0.205837531730002
132.88 0.202356706843991
132.94 0.198962786154093
133 0.19565292201758
133.06 0.192424381605304
133.12 0.189274541433973
133.18 0.186200882197396
133.24 0.183200983878314
133.3 0.180272521123686
133.36 0.177413258867456
133.42 0.174621048185901
133.48 0.171893822371652
133.54 0.169229593213391
133.6 0.166626447469123
133.66 0.164082543521638
133.72 0.161596108205597
133.78 0.159165433796306
133.84 0.156788875150892
133.9 0.154464846993203
133.96 0.152191821334271
134.02 0.14996832502072
134.08 0.147792937403959
134.14 0.145664288123451
134.2 0.14358105499776
134.26 0.141541962017466
134.32 0.139545777434397
134.38 0.137591311941964
134.44 0.135677416941692
134.5 0.133802982891345
134.56 0.131966937730309
134.62 0.130168245378147
134.68 0.128405904302496
134.74 0.126678946152686
134.8 0.124986434455668
134.86 0.123327463371055
134.92 0.121701156502236
134.98 0.120106665760721
135.04 0.11854317028101
135.1 0.117009875383468
135.16 0.115506011582776
135.22 0.114030833639721
135.28 0.112583619654171
135.34 0.111163670197212
135.4 0.109770307480543
135.46 0.108402874561306
135.52 0.107060734580665
135.58 0.105743270034484
135.64 0.104449882074599
135.7 0.103179989839221
135.76 0.101933029811094
135.82 0.100708455202114
135.88 0.0995057353631653
135.94 0.0983243552180142
136 0.0971638147201441
136.06 0.0960236283314809
136.12 0.0949033245220119
136.18 0.0938024452893482
136.24 0.0927205456973317
136.3 0.0916571934328323
136.36 0.0906119683799225
136.42 0.0895844622106581
136.48 0.0885742779917327
136.54 0.0875810298063048
136.6 0.0866043423903431
136.66 0.0856438507828473
136.72 0.0846991999893542
136.78 0.0837700446581521
136.84 0.0828560487686625
136.9 0.081956885331469
136.96 0.0810722360995023
137.02 0.0802017912899087
137.08 0.0793452493161573
137.14 0.0785023165299538
137.2 0.077672706972562
137.26 0.0768561421351356
137.32 0.0760523507276954
137.38 0.0752610684563979
137.44 0.0744820378087564
137.5 0.0737150078464938
137.56 0.0729597340057194
137.62 0.0722159779041362
137.68 0.0714835071549978
137.74 0.0707620951875473
137.8 0.0700515210736823
137.86 0.0693515693606008
137.92 0.0686620299091932
137.98 0.0679826977379594
138.04 0.0673133728722317
138.1 0.066653860198506
138.16 0.0660039693236772
138.22 0.0653635144389981
138.28 0.064732314188577
138.34 0.0641101915422461
138.4 0.0634969736726328
138.46 0.0628924918362786
138.52 0.0622965812586526
138.58 0.0617090810229163
138.64 0.0611298339622983
138.7 0.0605586865559508
138.76 0.0599954888281543
138.82 0.0594400942507519
138.88 0.0588923596486951
138.94 0.058352145108588
139 0.0578193138901223
139.06 0.0572937323402984
139.12 0.0567752698103352
139.18 0.0562637985751702
139.24 0.0557591937554604
139.3 0.0552613332419952
139.36 0.0547700976224354
139.42 0.0542853701102992
139.48 0.0538070364761152
139.54 0.0533349849806673
139.6 0.0528691063102616
139.66 0.0524092935139423
139.72 0.0519554419425929
139.78 0.0515074491898563
139.84 0.051065215034814
139.9 0.050628641386363
139.96 0.050197632229235
140.02 0.0497720935716016
140.08 0.0493519333942131
140.14 0.0489370616010195
140.2 0.0485273899712263
140.26 0.0481228321127343
140.32 0.0477233034169221
140.38 0.0473287210147237
140.44 0.0469390037339621
140.5 0.0465540720578952
140.56 0.0461738480849381
140.62 0.0457982554895203
140.68 0.0454272194840443
140.74 0.0450606667819093
140.8 0.044698525561566
140.86 0.0443407254315696
140.92 0.0439871973966007
140.98 0.0436378738244225
141.04 0.0432926884137442
141.1 0.0429515761629656
141.16 0.0426144733397718
141.22 0.0422813174515531
141.28 0.0419520472166258
141.34 0.0416266025362273
141.4 0.0413049244672629
141.46 0.0409869551957819
141.52 0.040672638011159
141.58 0.0403619172809618
141.64 0.0400547384264814
141.7 0.0397510478989095
141.76 0.0394507931561385
141.82 0.0391539226401693
141.88 0.0388603857551069
141.94 0.0385701328457279
142 0.0382831151766013
142.06 0.0379992849117475
142.12 0.0377185950948195
142.18 0.0374409996297913
142.24 0.0371664532621375
142.3 0.0368949115604921
142.36 0.0366263308987702
142.42 0.036360668438741
142.48 0.036097882113039
142.54 0.0358379306085992
142.6 0.0355807733505074
142.66 0.0353263704862501
142.72 0.035074682870356
142.78 0.0348256720494154
142.84 0.0345793002474691
142.9 0.0343355303517552
142.96 0.0340943258988033
143.02 0.0338556510608688
143.08 0.0336194706326947
143.14 0.0333857500185944
143.2 0.0331544552198458
143.26 0.0329255528223878
143.32 0.0326990099848112
143.38 0.0324747944266362
143.44 0.0322528744168686
143.5 0.0320332187628273
143.56 0.0318157967992352
143.62 0.0316005783775671
143.68 0.0313875338556472
143.74 0.0311766340874907
143.8 0.0309678504133806
143.86 0.0307611546501766
143.92 0.0305565190818467
143.98 0.0303539164502191
144.04 0.0301533199459448
144.1 0.0299547031996692
144.16 0.0297580402734045
144.22 0.0295633056520982
144.28 0.0293704742353941
144.34 0.029179521329579
144.4 0.0289904226397112
144.46 0.0288031542619264
144.52 0.0286176926759152
144.58 0.0284340147375698
144.64 0.0282520976717933
144.7 0.0280719190654697
144.76 0.0278934568605891
144.82 0.0277166893475242
144.88 0.0275415951584552
144.94 0.027368153260939
145 0.0271963429516183
145.06 0.0270261438500682
145.12 0.0268575358927768
145.18 0.0266904993272556
145.24 0.0265250147062775
145.3 0.0263610628822383
145.36 0.0261986250016398
145.42 0.026037682499691
145.48 0.0258782170950236
145.54 0.0257202107845205
145.6 0.0255636458382545
145.66 0.0254085047945328
145.72 0.0252547704550466
145.78 0.0251024258801229
145.84 0.0249514543840751
145.9 0.0248018395306512
145.96 0.0246535651285766
146.02 0.0245066152271898
146.08 0.0243609741121676
146.14 0.0242166263013398
146.2 0.024073556540589
146.26 0.0239317497998349
146.32 0.0237911912691012
146.38 0.0236518663546621
146.44 0.0235137606752674
146.5 0.0233768600584445
146.56 0.0232411505368749
146.62 0.0231066183448439
146.68 0.0229732499147616
146.74 0.022841031873754
146.8 0.0227099510403216
146.86 0.0225799944210658
146.92 0.0224511492074789
146.98 0.0223234027727991
147.04 0.022196742668927
147.1 0.022071156623403
147.16 0.0219466325364444
147.22 0.0218231584780399
147.28 0.0217007226851021
147.34 0.0215793135586745
147.4 0.0214589196611931
147.46 0.0213395297138013
147.52 0.0212211325937168
147.58 0.0211037173316487
147.64 0.0209872731092652
147.7 0.0208717892567088
147.76 0.0207572552501603
147.82 0.0206436607094479
147.88 0.0205309953957032
147.94 0.0204192492090601
148 0.020308412186399
148.06 0.0201984744991322
148.12 0.0200894264510316
148.18 0.019981258476097
148.24 0.0198739611364646
148.3 0.019767525120354
148.36 0.0196619412400544
148.42 0.0195572004299467
148.48 0.0194532937445641
148.54 0.0193502123566868
148.6 0.019247947555473
148.66 0.0191464907446239
148.72 0.0190458334405821
148.78 0.0189459672707633
148.84 0.0188468839718197
148.9 0.0187485753879362
148.96 0.0186510334691558
149.02 0.0185542502697368
149.08 0.0184582179465391
149.14 0.0183629287574389
149.2 0.0182683750597734
149.26 0.0181745493088117
149.32 0.0180814440562542
149.38 0.0179890519487583
149.44 0.0178973657264902
149.5 0.0178063782217027
149.56 0.0177160823573378
149.62 0.0176264711456543
149.68 0.0175375376868795
149.74 0.017449275167884
149.8 0.017361676860881
149.86 0.0172747361221466
149.92 0.017188446390764
149.98 0.0171028011873884
150.04 0.0170177941130341
150.1 0.016933418847882
150.16 0.0168496691501079
150.22 0.0167665388547314
150.28 0.0166840218724834
150.34 0.0166021121886945
150.4 0.0165208038622012
150.46 0.0164400910242715
150.52 0.016359967877548
150.58 0.0162804286950099
150.64 0.0162014678189518
150.7 0.01612307965998
150.76 0.0160452586960258
150.82 0.0159679994713753
150.88 0.0158912965957153
150.94 0.0158151447431954
151 0.0157395386515057
151.06 0.0156644731209698
151.12 0.0155899430136526
151.18 0.0155159432524835
151.24 0.0154424688203937
151.3 0.0153695147594675
151.36 0.0152970761701079
151.42 0.015225148210216
151.48 0.0151537260943835
151.54 0.0150828050930983
151.6 0.0150123805319639
151.66 0.0149424477909302
151.72 0.0148730023035379
151.78 0.0148040395561744
151.84 0.0147355550873423
151.9 0.0146675444869389
151.96 0.0146000033955482
152.02 0.0145329275037438
152.08 0.0144663125514025
152.14 0.0144001543270298
152.2 0.0143344486670956
152.26 0.0142691914553802
152.32 0.0142043786223315
152.38 0.0141400061444311
152.44 0.0140760700435722
152.5 0.0140125663864452
152.56 0.0139494912839349
152.62 0.0138868408905256
152.68 0.0138246114037166
152.74 0.0137627990634461
152.8 0.0137014001515248
152.86 0.0136404109910773
152.92 0.0135798279459931
152.98 0.0135196474203858
153.04 0.0134598658580603
153.1 0.0134004797419885
153.16 0.0133414855937933
153.22 0.0132828799732402
153.28 0.0132246594777363
153.34 0.0131668207418382
153.4 0.0131093604367656
153.46 0.0130522752699241
153.52 0.0129955619844342
153.58 0.0129392173586671
153.64 0.012883238205789
153.7 0.0128276213733106
153.76 0.0127723637426444
153.82 0.0127174622286682
153.88 0.0126629137792955
153.94 0.012608715375052
154 0.0125548640286584
154.06 0.0125013567846197
154.12 0.0124481907188205
154.18 0.0123953629381259
154.24 0.012342870579989
154.3 0.0122907108120635
154.36 0.0122388808318226
154.42 0.0121873778661832
154.48 0.0121361991711353
154.54 0.0120853420313776
154.6 0.0120348037599578
154.66 0.0119845816979182
154.72 0.0119346732139467
154.78 0.011885075704033
154.84 0.0118357865911289
154.9 0.0117868033248147
154.96 0.0117381233809697
155.02 0.0116897442614474
155.08 0.0116416634937558
155.14 0.0115938786307417
155.2 0.0115463872502805
155.26 0.0114991869549688
155.32 0.0114522753718234
155.38 0.0114056501519828
155.44 0.0113593089704141
155.5 0.0113132495256232
155.56 0.01126746953937
155.62 0.011221966756387
155.68 0.0111767389441017
155.74 0.0111317838923636
155.8 0.0110870994131744
155.86 0.0110426833404222
155.92 0.0109985335296197
155.98 0.0109546478576452
156.04 0.0109110242224885
156.1 0.010867660542999
156.16 0.010824554758638
156.22 0.0107817048292346
156.28 0.0107391087347445
156.34 0.0106967644750121
156.4 0.0106546700695364
156.46 0.0106128235572396
156.52 0.0105712229962391
156.58 0.0105298664636225
156.64 0.0104887520552259
156.7 0.0104478778854148
156.76 0.0104072420868685
156.82 0.010366842810367
156.88 0.010326678224581
156.94 0.0102867465158646
157 0.0102470458880508
157.06 0.0102075745622502
157.12 0.0101683307766516
157.18 0.0101293127863259
157.24 0.0100905188630323
157.3 0.0100519472950273
157.36 0.0100135963868763
157.42 0.00997546445926733
157.48 0.00993754984882747
157.54 0.00989985090794187
157.6 0.00986236600457501
157.66 0.0098250935220942
157.72 0.00978803185909562
157.78 0.00975117942923254
157.84 0.00971453466104579
157.9 0.00967809599779649
157.96 0.00964186189730094
158.02 0.00960583083176769
158.08 0.00957000128763675
158.14 0.00953437176542075
158.2 0.0094989407795484
158.26 0.00946370685820982
158.32 0.00942866854320386
158.38 0.00939382438978748
158.44 0.00935917296652698
158.5 0.00932471285515124
158.56 0.00929044265040679
158.62 0.00925636095991468
158.68 0.00922246640402933
158.74 0.00918875761569904
158.8 0.00915523324032835
158.86 0.00912189193564213
158.92 0.00908873237155141
158.98 0.00905575323002092
159.04 0.00902295320493821
159.1 0.00899033100198462
159.16 0.0089578853385077
159.22 0.00892561494339526
159.28 0.00889351855695111
159.34 0.00886159493077224
159.4 0.00882984282762759
159.46 0.00879826102133836
159.52 0.00876684829665974
159.58 0.0087356034491642
159.64 0.00870452528512612
159.7 0.00867361262140801
159.76 0.00864286428534798
159.82 0.00861227911464869
159.88 0.00858185595726766
159.94 0.00855159367130889
160 0.0085214911249159
