1 4.76217393479776 0.0427350427350427
2 4.60517018598809 0.05
3 4.47733681447821 0.0568181818181818
4 4.27666611901606 0.0555555555555556
6 3.97029191355212 0.0754716981132075
9 3.38439026334577 0.101694915254237
10 3.22684399451738 0.119047619047619
13 2.72129542785223 0.131578947368421
15 2.40694510831829 0.18018018018018


0 4.9511553496486 4.95000289961813 4.95230779967906
0.125 4.92991946439847 4.92876097641443 4.93107795238251
0.25 4.90868357914834 4.90751905321073 4.90984810508596
0.375 4.88744769389822 4.88627713000703 4.88861825778941
0.5 4.86621180864809 4.86503520680333 4.86738841049286
0.625 4.84497592339797 4.84379328359963 4.84615856319631
0.75 4.82374003814784 4.82255136039592 4.82492871589976
0.875 4.80250415289771 4.80130943719222 4.80369886860321
1 4.78126826764759 4.78006751398852 4.78246902130665
1.125 4.76003238239746 4.75882559078482 4.7612391740101
1.25 4.73879649714734 4.73758366758112 4.74000932671355
1.375 4.71756061189721 4.71634174437742 4.718779479417
1.5 4.69632472664708 4.69509982117371 4.69754963212045
1.625 4.67508884139696 4.67385789797001 4.6763197848239
1.75 4.65385295614683 4.65261597476631 4.65508993752735
1.875 4.63261707089671 4.63137405156261 4.6338600902308
2 4.61138118564658 4.61013212835891 4.61263024293425
2.125 4.59014530039645 4.5888902051552 4.5914003956377
2.25 4.56890941514633 4.5676482819515 4.57017054834115
2.375 4.5476735298962 4.5464063587478 4.5489407010446
2.5 4.52643764464608 4.5251644355441 4.52771085374805
2.625 4.50520175939595 4.5039225123404 4.5064810064515
2.75 4.48396587414582 4.4826805891367 4.48525115915495
2.875 4.4627299888957 4.461438665933 4.4640213118584
3 4.44149410364557 4.44019674272929 4.44279146456185
3.125 4.42025821839545 4.41895481952559 4.4215616172653
3.25 4.39902233314532 4.39771289632189 4.40033176996875
3.375 4.3777864478952 4.37647097311819 4.3791019226722
3.5 4.35655056264507 4.35522904991449 4.35787207537565
3.625 4.33531467739494 4.33398712671078 4.3366422280791
3.75 4.31407879214482 4.31274520350708 4.31541238078255
3.875 4.29284290689469 4.29150328030338 4.294182533486
4 4.27160702164456 4.27026135709968 4.27295268618945
4.125 4.25037113639444 4.24901943389598 4.2517228388929
4.25 4.22913525114431 4.22777751069228 4.23049299159635
4.375 4.20789936589419 4.20653558748857 4.2092631442998
4.5 4.18666348064406 4.18529366428487 4.18803329700325
4.625 4.16542759539394 4.16405174108117 4.1668034497067
4.75 4.14419171014381 4.14280981787747 4.14557360241015
4.875 4.12295582489368 4.12156789467377 4.1243437551136
5 4.10171993964356 4.10032597147007 4.10311390781705
5.125 4.08048405439343 4.07908404826636 4.0818840605205
5.25 4.05924816914331 4.05784212506266 4.06065421322395
5.375 4.03801228389318 4.03660020185896 4.0394243659274
5.5 4.01677639864305 4.01535827865526 4.01819451863085
5.625 3.99554051339293 3.99411635545156 3.9969646713343
5.75 3.9743046281428 3.97287443224786 3.97573482403775
5.875 3.95306874289268 3.95163250904415 3.9545049767412
6 3.93183285764255 3.93039058584045 3.93327512944465
6.125 3.91059697239242 3.90914866263675 3.9120452821481
6.25 3.8893610871423 3.88790673943305 3.89081543485155
6.375 3.86812520189217 3.86666481622935 3.869585587555
6.5 3.84688931664205 3.84542289302565 3.84835574025845
6.625 3.82565343139192 3.82418096982194 3.8271258929619
6.75 3.80441754614179 3.80293904661824 3.80589604566535
6.875 3.78318166089167 3.78169712341454 3.7846661983688
7 3.76194577564154 3.76045520021084 3.76343635107225
7.125 3.74070989039142 3.73921327700714 3.7422065037757
7.25 3.71947400514129 3.71797135380343 3.72097665647915
7.375 3.69823811989116 3.69672943059973 3.69974680918259
7.5 3.67700223464104 3.67548750739603 3.67851696188604
7.625 3.65576634939091 3.65424558419233 3.65728711458949
7.75 3.63453046414079 3.63300366098863 3.63605726729294
7.875 3.61329457889066 3.61176173778493 3.61482741999639
8 3.59205869364053 3.59051981458123 3.59359757269984
8.125 3.57082280839041 3.56927789137752 3.57236772540329
8.25 3.54958692314028 3.54803596817382 3.55113787810674
8.375 3.52835103789016 3.52679404497012 3.52990803081019
8.5 3.50711515264003 3.50555212176642 3.50867818351364
8.625 3.4858792673899 3.48431019856272 3.48744833621709
8.75 3.46464338213978 3.46306827535901 3.46621848892054
8.875 3.44340749688965 3.44182635215531 3.44498864162399
9 3.42217161163953 3.42058442895161 3.42375879432744
9.125 3.4009357263894 3.39934250574791 3.40252894703089
9.25 3.37969984113928 3.37810058254421 3.38129909973434
9.375 3.35846395588915 3.35685865934051 3.36006925243779
9.5 3.33722807063902 3.3356167361368 3.33883940514124
9.625 3.3159921853889 3.3143748129331 3.31760955784469
9.75 3.29475630013877 3.2931328897294 3.29637971054814
9.875 3.27352041488865 3.2718909665257 3.27514986325159
10 3.25228452963852 3.250649043322 3.25392001595504
10.125 3.23104864438839 3.2294071201183 3.23269016865849
10.25 3.20981275913827 3.20816519691459 3.21146032136194
10.375 3.18857687388814 3.18692327371089 3.19023047406539
10.5 3.16734098863802 3.16568135050719 3.16900062676884
10.625 3.14610510338789 3.14443942730349 3.14777077947229
10.75 3.12486921813776 3.12319750409979 3.12654093217574
10.875 3.10363333288764 3.10195558089609 3.10531108487919
11 3.08239744763751 3.08071365769238 3.08408123758264
11.125 3.06116156238739 3.05947173448868 3.06285139028609
11.25 3.03992567713726 3.03822981128498 3.04162154298954
11.375 3.01868979188713 3.01698788808128 3.02039169569299
11.5 2.99745390663701 2.99574596487758 2.99916184839644
11.625 2.97621802138688 2.97450404167388 2.97793200109989
11.75 2.95498213613676 2.95326211847017 2.95670215380334
11.875 2.93374625088663 2.93202019526647 2.93547230650679
12 2.9125103656365 2.91077827206277 2.91424245921024
12.125 2.89127448038638 2.88953634885907 2.89301261191369
12.25 2.87003859513625 2.86829442565537 2.87178276461714
12.375 2.84880270988613 2.84705250245167 2.85055291732059
12.5 2.827566824636 2.82581057924796 2.82932307002404
12.625 2.80633093938587 2.80456865604426 2.80809322272749
12.75 2.78509505413575 2.78332673284056 2.78686337543094
12.875 2.76385916888562 2.76208480963686 2.76563352813439
13 2.7426232836355 2.74084288643316 2.74440368083784
13.125 2.72138739838537 2.71960096322946 2.72317383354129
13.25 2.70015151313524 2.69835904002575 2.70194398624474
13.375 2.67891562788512 2.67711711682205 2.68071413894819
13.5 2.65767974263499 2.65587519361835 2.65948429165164
13.625 2.63644385738487 2.63463327041465 2.63825444435509
13.75 2.61520797213474 2.61339134721095 2.61702459705854
13.875 2.59397208688462 2.59214942400724 2.59579474976199
14 2.57273620163449 2.57090750080354 2.57456490246543
14.125 2.55150031638436 2.54966557759984 2.55333505516888
14.25 2.53026443113424 2.52842365439614 2.53210520787233
14.375 2.50902854588411 2.50718173119244 2.51087536057578
14.5 2.48779266063399 2.48593980798874 2.48964551327923
14.625 2.46655677538386 2.46469788478503 2.46841566598268
14.75 2.44532089013373 2.44345596158133 2.44718581868613
14.875 2.42408500488361 2.42221403837763 2.42595597138958
15 2.40284911963348 2.40097211517393 2.40472612409303
15.125 2.38161323438336 2.37973019197023 2.38349627679648
15.25 2.36037734913323 2.35848826876653 2.36226642949993
15.375 2.3391414638831 2.33724634556282 2.34103658220338
15.5 2.31790557863298 2.31600442235912 2.31980673490683
15.625 2.29666969338285 2.29476249915542 2.29857688761028
15.75 2.27543380813273 2.27352057595172 2.27734704031373
15.875 2.2541979228826 2.25227865274802 2.25611719301718
